5.0
38.0
718.0
106.0
293.0
114.0
1188.0
145.0
151.0
36.0
36.0
105.5
247.5
1010.5
953.0
74.0
39.5
72.0
420.5
27.5
133.0
50.0
293.0
112.0
67.33333333333333
27.5
18.5
26.75
58.75
27.25
27.5
3.25
60.0
150.8
48.5
81.0
5.5
15.166666666666666
26.833333333333332
633.6666666666666
709.8333333333334
16.5
60.142857142857146
42.0
48.42857142857143
92.0
61.714285714285715
14.142857142857142
80.42857142857143
33.714285714285715
12.125
25.375
30.0
14.5
77.375
26.0
11.777777777777779
31.444444444444443
37.0
51.44444444444444
148.77777777777777
11.0
20.22222222222222
23.77777777777778
9.444444444444445
5.444444444444445
10.777777777777779
10.0
102.55555555555556
559.7777777777778
67.11111111111111
35.8
17.9
907.4
102.8
152.1818181818182
21.90909090909091
20.90909090909091
1026.2727272727273
92.81818181818181
33.81818181818182
60.09090909090909
97.27272727272727
1698.2727272727273
30.09090909090909
20.454545454545453
17.545454545454547
20.833333333333332
46.916666666666664
18.166666666666668
11.083333333333334
145.5
15.5
4467.5
22.923076923076923
17.615384615384617
12.461538461538462
8.923076923076923
12.0
10.76923076923077
17.46153846153846
11.923076923076923
19.46153846153846
6.0
130.84615384615384
6.538461538461538
497.7692307692308
20.23076923076923
12.23076923076923
372.0
134.71428571428572
101.42857142857143
99.28571428571429
28.714285714285715
169.0
8.0
27.571428571428573
7.5
40.07142857142857
13.285714285714286
